        Frequency / GHz                S2,1/abs,dB
----------------------------------------------------------------------
                       1                      -53.473482
               1.0039999                      -54.397732
                   1.008                      -56.042295
                   1.012                      -60.411396
               1.0159999                      -55.526102
                    1.02                      -54.137946
               1.0239999                      -53.297696
                   1.028                      -52.693306
               1.0319999                      -52.220994
                   1.036                      -51.833211
                    1.04                      -51.504123
                   1.044                      -51.218083
                   1.048                      -50.964856
               1.0519999                      -50.737362
                   1.056                      -50.530487
               1.0599999                      -50.340401
                   1.064                      -50.164177
                   1.068                      -49.999527
                   1.072                      -49.844649
                   1.076                      -49.698101
               1.0799999                      -49.558753
                   1.084                      -49.425699
               1.0879999                      -49.298237
                   1.092                      -49.175826
                   1.096                      -49.058052
                     1.1                      -48.944607
                   1.104                      -48.835267
               1.1079999                      -48.729863
                   1.112                      -48.628261
               1.1159999                      -48.530345
                    1.12                         -48.436
                   1.124                      -48.345095
                   1.128                       -48.25747
                   1.132                      -48.172927
               1.1359999                      -48.091229
                    1.14                      -48.012085
               1.1439999                      -47.935168
                   1.148                      -47.860109
                   1.152                      -47.786512
                   1.156                      -47.713963
                    1.16                      -47.642047
               1.1639999                      -47.570368
                   1.168                      -47.498563
               1.1719999                      -47.426321
                   1.176                      -47.353404
               1.1799999                      -47.279654
                   1.184                      -47.205006
                   1.188                      -47.129493
               1.1919999                      -47.053249
                   1.196                       -46.97649
               1.1999999                      -46.899513
                   1.204                      -46.822673
               1.2079999                      -46.746361
                   1.212                      -46.670986
                   1.216                      -46.596938
               1.2199999                      -46.524568
                   1.224                      -46.454162
               1.2279999                      -46.385917
                   1.232                      -46.319921
               1.2359999                      -46.256142
                    1.24                      -46.194413
                   1.244                       -46.13444
               1.2479999                      -46.075796
                   1.252                      -46.017947
               1.2559999                       -45.96026
                    1.26                      -45.902046
               1.2639999                      -45.842586
                   1.268                      -45.781175
                   1.272                      -45.717168
                   1.276                      -45.650027
                    1.28                      -45.579353
               1.2839999                       -45.50493
                   1.288                      -45.426742
               1.2919999                      -45.344994
                   1.296                      -45.260095
                     1.3                      -45.172654
                   1.304                      -45.083443
                   1.308                      -44.993354
               1.3119999                      -44.903353
                   1.316                      -44.814418
               1.3199999                      -44.727484
                   1.324                      -44.643388
               1.3279999                      -44.562813
                   1.332                      -44.486236
                   1.336                        -44.4139
               1.3399999                      -44.345764
                   1.344                      -44.281506
               1.3479999                      -44.220494
                   1.352                      -44.161805
               1.3559999                      -44.104251
                    1.36                      -44.046418
                   1.364                      -43.986735
               1.3679999                       -43.92355
                   1.372                      -43.855251
               1.3759999                      -43.780362
                    1.38                      -43.697664
               1.3839999                      -43.606313
                   1.388                      -43.505921
                   1.392                      -43.396613
               1.3959999                      -43.279057
                     1.4                      -43.154418
               1.4039999                      -43.024319
                   1.408                      -42.890732
               1.4119999                      -42.755855
                   1.416                       -42.62199
                    1.42                      -42.491404
               1.4239999                       -42.36621
                   1.428                      -42.248234
               1.4319999                       -42.13893
                   1.436                      -42.039283
               1.4399999                       -41.94972
                   1.444                      -41.870054
                   1.448                      -41.799423
               1.4519999                      -41.736244
                   1.456                      -41.678218
               1.4599999                      -41.622344
                   1.464                      -41.564998
               1.4679999                       -41.50209
                   1.472                      -41.429287
                   1.476                      -41.342331
               1.4799999                      -41.237409
                   1.484                      -41.111555
               1.4879999                      -40.963005
                   1.492                      -40.791466
               1.4959999                      -40.598231
                     1.5                      -40.386101
               1.5039999                      -40.159179
                   1.508                      -39.922519
                   1.512                      -39.681742
               1.5159999                       -39.44265
                    1.52                      -39.210891
               1.5239999                      -38.991697
                   1.528                      -38.789675
               1.5319999                       -38.60867
                   1.536                      -38.451629
                    1.54                      -38.320489
               1.5439999                      -38.216025
                   1.548                      -38.137658
               1.5519999                      -38.083194
                   1.556                      -38.048517
               1.5599999                      -38.027227
                   1.564                      -38.010335
                   1.568                      -37.986122
               1.5719999                      -37.940398
                   1.576                      -37.857392
               1.5799999                       -37.72144
                   1.584                      -37.519398
               1.5879999                        -37.2432
                   1.592                      -36.891769
                   1.596                       -36.47147
               1.5999999                      -35.994928
                   1.604                      -35.478752
               1.6079999                      -34.941002
                   1.612                      -34.399172
               1.6159999                      -33.868963
                    1.62                      -33.363823
                   1.624                      -32.895003
               1.6279999                      -32.471911
                   1.632                      -32.102581
               1.6359999                      -31.794118
                    1.64                      -31.553101
               1.6439999                      -31.385838
                   1.648                      -31.298441
                   1.652                      -31.296537
               1.6559999                      -31.384266
                    1.66                      -31.561899
               1.6639999                      -31.820622
                   1.668                      -32.132092
               1.6719999                       -32.43022
                   1.676                      -32.588895
               1.6799999                      -32.423063
               1.6839999                      -31.764193
                   1.688                      -30.586455
               1.6919999                      -29.027994
                   1.696                      -27.274968
               1.6999999                      -25.464285
                   1.704                      -23.667736
               1.7079999                      -21.911494
               1.7119999                      -20.194791
                   1.716                      -18.499216
               1.7199999                      -16.788599
                   1.724                      -14.995369
               1.7279999                       -12.96632
                   1.732                      -10.150779
               1.7359999                      -6.7694614
                    1.74                      -9.4349848
                   1.744                      -9.8950647
               1.7479999                      -9.9212658
                   1.752                      -9.7742804
               1.7559999                       -9.544072
                    1.76                      -9.2717663
               1.7639999                      -8.9791859
                   1.768                      -8.6790323
                   1.772                      -8.3791601
               1.7759999                       -8.084642
                    1.78                      -7.7988435
               1.7839999                      -7.5240382
                   1.788                      -7.2617778
               1.7919999                      -7.0131096
                   1.796                      -6.7787345
                     1.8                      -6.5590919
               1.8039999                      -6.3544357
                   1.808                      -6.1648715
               1.8119999                      -5.9903927
                   1.816                      -5.8308953
               1.8199999                      -5.6862012
                   1.824                      -5.5560556
               1.8279999                      -5.4401442
               1.8319999                      -5.3380889
                   1.836                      -5.2494577
               1.8399999                      -5.1737471
                   1.844                       -5.110409
               1.8479999                      -5.0588177
                   1.852                      -5.0182986
               1.8559999                      -4.9881038
               1.8599999                      -4.9674224
                   1.864                      -4.9553802
               1.8679999                      -4.9510381
                   1.872                      -4.9534035
               1.8759999                      -4.9614304
                    1.88                      -4.9740287
               1.8839999                      -4.9900867
               1.8879999                      -5.0084707
                   1.892                      -5.0280631
               1.8959999                      -5.0477673
                     1.9                      -5.0665439
               1.9039999                      -5.0834275
                   1.908                      -5.0975636
               1.9119999                      -5.1082157
               1.9159999                      -5.1148026
                    1.92                      -5.1169083
               1.9239999                      -5.1142857
                   1.928                       -5.106869
               1.9319999                      -5.0947696
                   1.936                      -5.0782606
               1.9399999                      -5.0577618
               1.9439999                      -5.0338208
                   1.948                      -5.0070825
               1.9519999                      -4.9782671
                   1.956                      -4.9481301
               1.9599999                      -4.9174505
                   1.964                      -4.8869908
               1.9679999                      -4.8574794
                   1.972                      -4.8295853
                   1.976                      -4.8039121
               1.9799999                      -4.7809678
                   1.984                      -4.7611736
               1.9879999                      -4.7448397
                   1.992                      -4.7321737
               1.9959999                      -4.7232681
                       2                      -4.7181163
               2.0039999                      -4.7166037
               2.0079999                       -4.718515
               2.0119998                      -4.7235499
                   2.016                      -4.7313259
                    2.02                      -4.7413906
               2.0239999                      -4.7532389
               2.0279999                      -4.7663307
               2.0319998                      -4.7800955
                   2.036                      -4.7939669
                    2.04                       -4.807395
               2.0439999                      -4.8198542
               2.0479999                      -4.8308769
                   2.052                      -4.8400622
                   2.056                      -4.8470907
               2.0599999                      -4.8517314
               2.0639999                      -4.8538577
               2.0679998                      -4.8534377
                   2.072                      -4.8505419
                   2.076                      -4.8453409
               2.0799999                      -4.8380824
               2.0839999                      -4.8290897
               2.0880001                      -4.8187438
                   2.092                      -4.8074681
                   2.096                      -4.7957069
               2.0999999                      -4.7839124
               2.1039999                      -4.7725241
                   2.108                      -4.7619551
                   2.112                      -4.7525793
               2.1159999                      -4.7447145
               2.1199999                      -4.7386252
               2.1239998                      -4.7344954
                   2.128                      -4.7324465
                   2.132                      -4.7325169
               2.1359999                      -4.7346724
               2.1399999                      -4.7388094
               2.1440001                      -4.7447497
                   2.148                       -4.752262
                   2.152                      -4.7610561
               2.1559999                      -4.7708063
               2.1599998                      -4.7811519
                   2.164                      -4.7917225
                   2.168                      -4.8021411
               2.1719999                      -4.8120423
               2.1759999                       -4.821088
               2.1799998                       -4.828977
                   2.184                      -4.8354592
                   2.188                      -4.8403424
               2.1919999                      -4.8435017
               2.1959999                      -4.8448813
                     2.2                      -4.8444938
                   2.204                      -4.8424273
               2.2079999                      -4.8388291
               2.2119999                      -4.8339046
               2.2159998                      -4.8279104
                    2.22                      -4.8211317
                   2.224                      -4.8138836
               2.2279999                      -4.8064895
               2.2319999                      -4.7992703
               2.2359998                      -4.7925324
                    2.24                      -4.7865579
                   2.244                      -4.7815931
               2.2479999                        -4.77784
               2.2519999                      -4.7754498
                   2.256                      -4.7745211
                    2.26                      -4.7750951
               2.2639999                      -4.7771571
               2.2679999                       -4.780634
               2.2719998                      -4.7854057
                   2.276                      -4.7913001
                    2.28                      -4.7981088
               2.2839999                      -4.8055954
               2.2879999                      -4.8134955
               2.2919998                      -4.8215392
                   2.296                      -4.8294538
                     2.3                       -4.836979
               2.3039999                      -4.8438718
               2.3079998                      -4.8499204
                   2.312                      -4.8549532
                   2.316                      -4.8588442
               2.3199999                      -4.8615143
               2.3239999                      -4.8629388
               2.3279998                      -4.8631435
                   2.332                      -4.8622085
                   2.336                      -4.8602524
               2.3399999                      -4.8574407
               2.3439999                      -4.8539679
                   2.348                      -4.8500518
                   2.352                      -4.8459225
               2.3559999                      -4.8418175
               2.3599999                       -4.837966
               2.3639998                      -4.8345802
                   2.368                        -4.83185
                   2.372                      -4.8299369
               2.3759999                      -4.8289632
               2.3799999                      -4.8290122
               2.3839998                      -4.8301218
                   2.388                      -4.8322879
                   2.392                      -4.8354623
               2.3959999                      -4.8395523
               2.3999999                      -4.8444378
                   2.404                      -4.8499574
                   2.408                      -4.8559335
               2.4119999                      -4.8621661
               2.4159999                      -4.8684453
               2.4199998                      -4.8745672
                   2.424                      -4.8803293
                   2.428                      -4.8855528
               2.4319999                      -4.8900798
               2.4359999                      -4.8937863
               2.4399998                      -4.8965764
                   2.444                       -4.898408
                   2.448                      -4.8992703
               2.4519999                      -4.8991971
               2.4559999                      -4.8982595
                    2.46                       -4.896574
                   2.464                      -4.8942759
               2.4679999                      -4.8915371
               2.4719999                      -4.8885365
               2.4759998                        -4.88547
                    2.48                      -4.8825349
                   2.484                      -4.8799156
               2.4879999                      -4.8777933
               2.4919999                      -4.8763189
               2.4959998                      -4.8756208
                     2.5                      -4.8757981
               2.5039999                      -4.8769101
               2.5079999                      -4.8789851
               2.5119998                      -4.8820131
                   2.516                      -4.8859487
                    2.52                       -4.890708
               2.5239999                      -4.8961825
               2.5279999                      -4.9022399
               2.5319998                      -4.9087214
                   2.536                      -4.9154629
                    2.54                      -4.9222931
               2.5439999                      -4.9290365
               2.5479999                      -4.9355339
                   2.552                      -4.9416334
                   2.556                      -4.9472156
               2.5599999                      -4.9521757
               2.5639999                      -4.9564503
               2.5679998                      -4.9599993
                   2.572                       -4.962824
                   2.576                      -4.9649606
               2.5799999                      -4.9664714
               2.5839999                       -4.967446
               2.5879998                      -4.9680085
                   2.592                      -4.9682897
                   2.596                      -4.9684396
               2.5999999                      -4.9686084
               2.6039999                      -4.9689495
                   2.608                      -4.9696089
                   2.612                      -4.9707101
               2.6159999                      -4.9723681
               2.6199999                      -4.9746675
               2.6239998                      -4.9776647
                   2.628                      -4.9813906
                   2.632                      -4.9858408
               2.6359999                      -4.9909833
               2.6399999                      -4.9967535
               2.6439998                      -5.0030676
                   2.648                      -5.0098073
                   2.652                      -5.0168496
               2.6559999                      -5.0240515
               2.6599998                      -5.0312631
                   2.664                      -5.0383387
                   2.668                      -5.0451363
               2.6719999                      -5.0515286
               2.6759999                      -5.0574031
               2.6799998                       -5.062673
                   2.684                      -5.0672745
                   2.688                      -5.0711749
               2.6919999                      -5.0743754
               2.6959999                      -5.0769024
               2.6999998                      -5.0788101
                   2.704                      -5.0801866
               2.7079999                      -5.0811332
               2.7119999                      -5.0817746
               2.7159998                      -5.0822448
                    2.72                      -5.0826843
                   2.724                      -5.0832385
               2.7279999                      -5.0840375
               2.7319999                      -5.0852082
               2.7359998                      -5.0868581
                    2.74                      -5.0890723
                   2.744                      -5.0919117
               2.7479999                      -5.0954165
               2.7519999                      -5.0995936
               2.7559998                      -5.1044228
                    2.76                      -5.1098591
               2.7639999                      -5.1158349
               2.7679999                       -5.122257
               2.7719998                      -5.1290211
                   2.776                      -5.1360058
                    2.78                      -5.1430866
               2.7839999                      -5.1501328
               2.7879999                      -5.1570265
               2.7919998                      -5.1636517
                   2.796                      -5.1699107
                     2.8                       -5.175725
               2.8039999                      -5.1810384
               2.8079998                      -5.1858188
                   2.812                      -5.1900617
                   2.816                       -5.193788
               2.8199999                      -5.1970424
               2.8239999                      -5.1998945
               2.8279998                      -5.2024309
                   2.832                      -5.2047551
                   2.836                      -5.2069818
               2.8399999                      -5.2092267
               2.8439999                      -5.2116094
               2.8479998                      -5.2142421
                   2.852                      -5.2172253
               2.8559999                       -5.220645
               2.8599999                      -5.2245682
               2.8639998                       -5.229042
                   2.868                      -5.2340856
                   2.872                      -5.2396958
               2.8759999                      -5.2458394
               2.8799999                      -5.2524678
               2.8839998                      -5.2595034
                   2.888                      -5.2668532
                   2.892                      -5.2744095
               2.8959999                      -5.2820507
               2.8999999                      -5.2896562
               2.9039998                      -5.2971015
                   2.908                      -5.3042667
               2.9119999                      -5.3110457
               2.9159999                       -5.317344
               2.9199998                      -5.3230872
                   2.924                      -5.3282244
                   2.928                      -5.3327282
               2.9319999                      -5.3365934
               2.9359999                      -5.3398434
               2.9399998                      -5.3425279
                   2.944                      -5.3447119
                   2.948                      -5.3464834
               2.9519999                      -5.3479412
               2.9559999                      -5.3491961
               2.9599998                      -5.3503608
                   2.964                      -5.3515524
               2.9679999                      -5.3528767
               2.9719999                      -5.3544339
               2.9759998                      -5.3563061
                    2.98                      -5.3585589
                   2.984                      -5.3612394
               2.9879999                      -5.3643665
               2.9919999                      -5.3679433
               2.9959998                      -5.3719458
                       3                      -5.3763287
               3.0039999                      -5.3810304
               3.0079999                      -5.3859684
               3.0119998                      -5.3910531
                   3.016                      -5.3961817
                    3.02                      -5.4012519
               3.0239999                      -5.4061609
               3.0279999                      -5.4108162
               3.0319998                      -5.4151288
                   3.036                      -5.4190326
                    3.04                       -5.422473
               3.0439999                      -5.4254235
               3.0479999                      -5.4278729
               3.0519998                      -5.4298383
                   3.056                      -5.4313566
               3.0599999                      -5.4324839
               3.0639999                      -5.4333009
               3.0679998                      -5.4338937
                   3.072                      -5.4343685
                   3.076                      -5.4348312
               3.0799999                      -5.4353933
               3.0839999                      -5.4361583
               3.0879998                      -5.4372287
                   3.092                      -5.4386877
                   3.096                      -5.4406073
               3.0999999                      -5.4430386
               3.1039999                      -5.4460132
               3.1079998                      -5.4495378
                   3.112                      -5.4536005
               3.1159999                      -5.4581623
               3.1199999                      -5.4631668
               3.1239998                      -5.4685387
                   3.128                      -5.4741893
                   3.132                      -5.4800188
               3.1359999                      -5.4859178
               3.1399999                      -5.4917791
               3.1439998                      -5.4974991
                   3.148                      -5.5029732
                   3.152                      -5.5081198
               3.1559999                      -5.5128629
               3.1599998                      -5.5171539
               3.1639998                      -5.5209598
                   3.168                      -5.5242697
               3.1719999                      -5.5270947
               3.1759999                      -5.5294697
               3.1799998                      -5.5314449
                   3.184                      -5.5330921
                   3.188                      -5.5344928
               3.1919999                       -5.535739
               3.1959999                      -5.5369289
               3.1999998                       -5.538159
                   3.204                      -5.5395223
               3.2079999                      -5.5411008
               3.2119999                      -5.5429677
               3.2159998                      -5.5451803
               3.2199998                      -5.5477724
                   3.224                      -5.5507629
               3.2279999                      -5.5541478
               3.2319999                      -5.5579014
               3.2359998                       -5.561979
                    3.24                      -5.5663198
                   3.244                       -5.570843
               3.2479999                      -5.5754621
               3.2519999                      -5.5800779
               3.2559998                      -5.5845939
                    3.26                      -5.5889087
               3.2639999                      -5.5929327
               3.2679999                      -5.5965814
               3.2719998                      -5.5997889
                   3.276                      -5.6025059
                    3.28                      -5.6046998
               3.2839999                      -5.6063654
               3.2879999                      -5.6075148
               3.2919998                      -5.6081828
                   3.296                      -5.6084258
                     3.3                      -5.6083185
               3.3039999                      -5.6079469
               3.3079998                      -5.6074116
               3.3119998                      -5.6068151
                   3.316                      -5.6062706
               3.3199999                       -5.605879
               3.3239999                      -5.6057395
               3.3279998                      -5.6059382
                   3.332                      -5.6065472
                   3.336                      -5.6076205
               3.3399999                      -5.6091939
               3.3439999                      -5.6112799
               3.3479998                      -5.6138705
                   3.352                      -5.6169381
               3.3559999                      -5.6204316
               3.3599999                      -5.6242921
               3.3639998                      -5.6284372
               3.3679998                      -5.6327796
                   3.372                      -5.6372244
               3.3759999                      -5.6416767
               3.3799999                      -5.6460434
               3.3839998                      -5.6502386
                   3.388                      -5.6541911
                   3.392                      -5.6578384
               3.3959999                      -5.6611441
               3.3999999                      -5.6640834
               3.4039998                      -5.6666571
                   3.408                      -5.6688867
               3.4119999                      -5.6708083
               3.4159999                      -5.6724832
               3.4199998                      -5.6739878
               3.4239998                      -5.6754027
                   3.428                       -5.676823
               3.4319999                      -5.6783436
               3.4359999                      -5.6800602
               3.4399998                      -5.6820612
                   3.444                      -5.6844298
                   3.448                      -5.6872254
               3.4519999                      -5.6905035
               3.4559999                      -5.6942921
               3.4599998                      -5.6986002
                   3.464                      -5.7034137
               3.4679999                      -5.7087002
               3.4719999                      -5.7144102
               3.4759998                      -5.7204648
                    3.48                       -5.726781
                   3.484                      -5.7332604
               3.4879999                      -5.7397986
               3.4919999                      -5.7462843
               3.4959998                      -5.7526151
                     3.5                      -5.7586861
               3.5039999                      -5.7644135
               3.5079999                      -5.7697197
               3.5119998                      -5.7745472
               3.5159998                      -5.7788622
                    3.52                      -5.7826482
               3.5239999                      -5.7859181
               3.5279999                      -5.7886987
               3.5319998                      -5.7910435
                   3.536                      -5.7930167
                    3.54                      -5.7947031
               3.5439999                      -5.7961965
               3.5479999                      -5.7975972
               3.5519998                      -5.7990008
                   3.556                      -5.8005112
               3.5599999                       -5.802214
               3.5639999                      -5.8041865
               3.5679998                      -5.8064939
               3.5719998                      -5.8091745
                   3.576                      -5.8122547
               3.5799999                      -5.8157361
               3.5839999                       -5.819599
               3.5879998                      -5.8238021
                   3.592                      -5.8282875
                   3.596                      -5.8329784
               3.5999999                      -5.8377911
               3.6039999                      -5.8426267
               3.6079998                      -5.8473869
                   3.612                       -5.851976
               3.6159999                      -5.8562947
               3.6199999                      -5.8602682
               3.6239998                      -5.8638229
               3.6279998                      -5.8669125
                   3.632                      -5.8695057
               3.6359999                      -5.8715942
               3.6399999                      -5.8731978
               3.6439998                      -5.8743522
                   3.648                      -5.8751154
                   3.652                      -5.8755702
               3.6559999                      -5.8758051
               3.6599998                      -5.8759287
               3.6639998                      -5.8760517
                   3.668                      -5.8762859
               3.6719999                      -5.8767423
               3.6759999                      -5.8775234
               3.6799998                      -5.8787205
               3.6839998                      -5.8804045
                   3.688                      -5.8826293
               3.6919999                      -5.8854322
               3.6959999                      -5.8888177
               3.6999998                      -5.8927749
                   3.704                      -5.8972638
               3.7079999                      -5.9022291
               3.7119999                      -5.9075951
               3.7159998                      -5.9132684
               3.7199998                       -5.919147
                   3.724                      -5.9251218
               3.7279999                      -5.9310833
               3.7319999                      -5.9369223
               3.7359998                      -5.9425429
                    3.74                      -5.9478581
                   3.744                      -5.9528014
               3.7479999                      -5.9573233
               3.7519999                      -5.9613984
               3.7559998                      -5.9650251
                    3.76                      -5.9682231
               3.7639999                      -5.9710372
               3.7679999                      -5.9735294
               3.7719998                      -5.9757804
               3.7759998                      -5.9778858
                    3.78                      -5.9799436
               3.7839999                      -5.9820629
               3.7879999                       -5.984342
               3.7919998                      -5.9868809
                   3.796                      -5.9897631
                     3.8                      -5.9930552
               3.8039999                        -5.99681
               3.8079998                      -6.0010505
               3.8119998                        -6.00578
                   3.816                      -6.0109766
               3.8199999                      -6.0165958
               3.8239999                      -6.0225694
               3.8279998                      -6.0288066
               3.8319998                      -6.0352051
                   3.836                      -6.0416493
               3.8399999                      -6.0480158
               3.8439999                      -6.0541787
               3.8479998                      -6.0600212
                   3.852                      -6.0654259
               3.8559999                      -6.0703025
               3.8599999                      -6.0745706
               3.8639998                      -6.0781761
               3.8679998                      -6.0810917
                   3.872                      -6.0833125
               3.8759999                      -6.0848648
               3.8799999                      -6.0857981
               3.8839998                      -6.0861875
               3.8879998                      -6.0861257
                   3.892                      -6.0857247
               3.8959999                      -6.0851042
               3.8999999                      -6.0843918
               3.9039998                       -6.083711
                   3.908                      -6.0831861
               3.9119999                      -6.0829209
               3.9159999                      -6.0830126
               3.9199998                      -6.0835302
               3.9239998                      -6.0845193
                   3.928                      -6.0860069
               3.9319999                      -6.0879906
               3.9359999                      -6.0904368
               3.9399998                      -6.0932941
                   3.944                       -6.096489
                   3.948                      -6.0999247
               3.9519999                      -6.1034945
               3.9559999                      -6.1070836
               3.9599998                      -6.1105728
                   3.964                      -6.1138477
               3.9679999                      -6.1168012
               3.9719999                      -6.1193414
               3.9759998                      -6.1213981
               3.9799998                      -6.1229184
                   3.984                      -6.1238817
               3.9879999                      -6.1242931
               3.9919999                      -6.1241838
               3.9959998                      -6.1236161
                       4                      -6.1226694
               4.0039997                      -6.1214544
               4.0079999                      -6.1200891
               4.0120001                      -6.1187053
               4.0159998                      -6.1174452
                    4.02                      -6.1164462
               4.0239997                      -6.1158304
               4.0279999                       -6.115721
               4.0320001                      -6.1162142
               4.0359998                      -6.1173849
                    4.04                      -6.1192846
               4.0439997                      -6.1219306
               4.0479999                      -6.1253182
                   4.052                      -6.1294038
               4.0559998                      -6.1341222
               4.0599999                      -6.1393824
               4.0639997                      -6.1450687
               4.0679998                        -6.15105
                   4.072                       -6.157184
               4.0759997                      -6.1633252
               4.0799999                      -6.1693265
               4.0840001                      -6.1750523
               4.0879998                      -6.1803764
                   4.092                      -6.1852013
               4.0959997                      -6.1894478
               4.0999999                      -6.1930636
               4.1040001                      -6.1960329
               4.1079998                        -6.19837
                   4.112                      -6.2001173
               4.1159997                      -6.2013519
               4.1199999                      -6.2021629
               4.1240001                      -6.2026736
               4.1279998                      -6.2030139
                   4.132                      -6.2033249
               4.1359997                       -6.203747
               4.1399999                       -6.204416
               4.1440001                       -6.205451
               4.1479998                      -6.2069585
                   4.152                      -6.2090205
               4.1559997                      -6.2116823
               4.1599998                      -6.2149713
                   4.164                      -6.2188746
               4.1679997                      -6.2233478
               4.1719999                      -6.2283193
               4.1760001                      -6.2336808
               4.1799998                      -6.2393151
                   4.184                      -6.2450722
               4.1879997                      -6.2507979
               4.1919999                      -6.2563276
               4.1960001                      -6.2615057
               4.1999998                       -6.266184
                   4.204                      -6.2702273
               4.2079997                      -6.2735299
               4.2119999                      -6.2760142
               4.2160001                       -6.277632
               4.2199998                      -6.2783764
                   4.224                      -6.2782706
               4.2279997                      -6.2773832
               4.2319999                      -6.2758068
               4.2360001                      -6.2736705
               4.2399998                      -6.2711216
                   4.244                      -6.2683308
               4.2479997                      -6.2654707
               4.2519999                      -6.2627198
                   4.256                      -6.2602503
               4.2599998                      -6.2582158
               4.2639999                      -6.2567603
               4.2679996                      -6.2559869
               4.2719998                      -6.2559766
                   4.276                      -6.2567709
               4.2799997                      -6.2583763
               4.2839999                      -6.2607613
               4.2880001                      -6.2638567
               4.2919998                      -6.2675659
                   4.296                      -6.2717601
               4.3000002                      -6.2762897
               4.3039999                      -6.2809885
               4.3079996                      -6.2856873
               4.3119998                      -6.2902111
                   4.316                      -6.2944024
               4.3199997                      -6.2981115
               4.3239994                      -6.3012253
               4.3280001                      -6.3036521
               4.3320003                      -6.3053421
                   4.336                      -6.3062822
               4.3399997                      -6.3064996
               4.3439999                      -6.3060616
                   4.348                      -6.3050758
               4.3519998                      -6.3036749
               4.3559995                      -6.3020243
               4.3599997                      -6.3003086
               4.3640003                      -6.2987164
                   4.368                      -6.2974425
               4.3719997                      -6.2966771
               4.3759999                      -6.2965882
               4.3800001                      -6.2973224
               4.3839998                      -6.2989963
               4.3879995                      -6.3016892
               4.3919997                      -6.3054388
               4.3959999                      -6.3102402
               4.4000001                      -6.3160451
               4.4039998                      -6.3227655
                   4.408                      -6.3302669
               4.4120002                      -6.3383906
               4.4159999                      -6.3469434
               4.4199996                       -6.355716
               4.4239998                      -6.3644888
                   4.428                      -6.3730397
               4.4319997                      -6.3811595
               4.4359994                      -6.3886525
               4.4400001                      -6.3953605
               4.4440002                      -6.4011537
                   4.448                      -6.4059467
               4.4519997                      -6.4097029
               4.4559999                      -6.4124342
                    4.46                      -6.4141956
               4.4639997                      -6.4150971
               4.4679995                      -6.4152782
               4.4719996                      -6.4149218
               4.4760003                      -6.4142274
                    4.48                      -6.4134148
               4.4839997                      -6.4127082
               4.4879999                      -6.4123192
               4.4920001                      -6.4124506
               4.4959998                      -6.4132714
               4.4999995                      -6.4149213
               4.5039997                      -6.4174954
               4.5079999                      -6.4210403
               4.5120001                      -6.4255581
               4.5159998                       -6.430992
                    4.52                      -6.4372446
               4.5240002                      -6.4441676
               4.5279999                      -6.4515759
               4.5319996                      -6.4592507
               4.5359998                      -6.4669511
                    4.54                      -6.4744252
               4.5439997                      -6.4814254
               4.5479994                      -6.4877081
                   4.552                      -6.4930614
               4.5560002                      -6.4973064
               4.5599999                      -6.5003083
               4.5639997                      -6.5019841
               4.5679998                      -6.5023084
                   4.572                      -6.5013162
               4.5759997                      -6.4990959
               4.5799994                      -6.4958017
               4.5839996                      -6.4916237
               4.5880003                      -6.4868032
                   4.592                      -6.4816009
               4.5959997                      -6.4763039
               4.5999999                       -6.471195
               4.6040001                      -6.4665546
               4.6079998                      -6.4626408
               4.6119995                      -6.4596793
               4.6159997                      -6.4578483
               4.6200004                      -6.4572854
               4.6240001                      -6.4580624
               4.6279998                      -6.4601959
                   4.632                       -6.463642
               4.6360002                      -6.4682964
               4.6399999                      -6.4739968
               4.6439996                      -6.4805359
               4.6479998                       -6.487667
                   4.652                      -6.4951147
               4.6559997                      -6.5025858
               4.6599998                      -6.5097881
                   4.664                      -6.5164425
               4.6680002                      -6.5222938
               4.6719999                      -6.5271243
               4.6759996                      -6.5307712
               4.6799998                      -6.5331287
                   4.684                      -6.5341622
               4.6879997                      -6.5338987
               4.6919994                      -6.5324409
               4.6960001                      -6.5299481
               4.7000003                      -6.5266445
                   4.704                       -6.522795
               4.7079997                      -6.5187055
               4.7119999                      -6.5146957
               4.7160001                      -6.5110948
               4.7199998                      -6.5082179
               4.7239995                      -6.5063588
               4.7279997                      -6.5057716
               4.7320004                      -6.5066596
               4.7360001                      -6.5091604
               4.7399998                      -6.5133514
                   4.744                      -6.5192331
               4.7480001                       -6.526731
               4.7519999                      -6.5356979
               4.7559996                      -6.5459213
               4.7599998                      -6.5571243
               4.7639999                      -6.5689864
               4.7679996                      -6.5811413
               4.7719998                      -6.5932094
                   4.776                      -6.6048063
               4.7800002                      -6.6155576
               4.7839999                      -6.6251224
               4.7879996                      -6.6332111
               4.7919998                      -6.6395924
                   4.796                      -6.6441149
               4.7999997                      -6.6467069
               4.8039994                      -6.6473929
               4.8080001                      -6.6462765
               4.8120003                      -6.6435518
                   4.816                      -6.6394828
               4.8199997                      -6.6343993
               4.8239999                      -6.6286725
               4.8280001                       -6.622703
               4.8319998                      -6.6169027
               4.8359995                      -6.6116675
               4.8399997                      -6.6073687
               4.8440003                      -6.6043281
                   4.848                      -6.6028044
               4.8519998                      -6.6029852
               4.8559999                      -6.6049702
               4.8600001                      -6.6087768
               4.8639998                       -6.614323
               4.8679996                       -6.621443
               4.8719997                      -6.6298869
               4.8759999                      -6.6393307
               4.8799996                      -6.6493862
               4.8839998                      -6.6596265
                   4.888                      -6.6695961
               4.8920002                      -6.6788354
               4.8959999                      -6.6869087
               4.8999996                      -6.6934143
               4.9039998                      -6.6980185
                   4.908                      -6.7004661
               4.9119997                      -6.7005972
               4.9159994                      -6.6983584
               4.9200001                      -6.6938091
               4.9240003                       -6.687117
                   4.928                      -6.6785541
               4.9319997                      -6.6684829
               4.9359999                      -6.6573435
               4.9400001                      -6.6456222
               4.9439998                       -6.633845
               4.9479995                      -6.6225393
               4.9519997                      -6.6122165
               4.9560003                      -6.6033521
                    4.96                      -6.5963572
               4.9639997                      -6.5915663
               4.9679999                      -6.5892182
               4.9720001                      -6.5894517
               4.9759998                      -6.5922926
               4.9799995                      -6.5976545
               4.9839997                      -6.6053362
               4.9879999                      -6.6150385
               4.9919996                      -6.6263638
               4.9959998                      -6.6388372
                       5                      -6.6519252

