        Frequency / GHz                S2,1/abs,dB
----------------------------------------------------------------------
                       1                      -42.556745
               1.0039999                      -42.696095
                   1.008                      -42.840764
                   1.012                      -42.991367
               1.0159999                      -43.148631
                    1.02                      -43.313433
               1.0239999                      -43.486837
                   1.028                      -43.670168
               1.0319999                      -43.865067
                   1.036                      -44.073611
                    1.04                      -44.298473
                   1.044                      -44.543158
                   1.048                      -44.812373
               1.0519999                      -45.112648
                   1.056                      -45.453409
               1.0599999                      -45.848973
                   1.064                      -46.322674
                   1.068                      -46.916548
                   1.072                      -47.718937
                   1.076                       -48.97517
               1.0799999                      -52.167508
                   1.084                      -50.364491
               1.0879999                      -48.452225
                   1.092                      -47.464363
                   1.096                      -46.797092
                     1.1                      -46.294407
                   1.104                      -45.892053
               1.1079999                      -45.557212
                   1.112                       -45.27082
               1.1159999                      -45.020787
                    1.12                      -44.798944
                   1.124                      -44.599505
                   1.128                      -44.418214
                   1.132                      -44.251842
               1.1359999                      -44.097892
                    1.14                      -43.954399
               1.1439999                      -43.819795
                   1.148                       -43.69283
                   1.152                      -43.572497
                   1.156                      -43.457989
                    1.16                      -43.348669
               1.1639999                      -43.244027
                   1.168                      -43.143672
               1.1719999                      -43.047296
                   1.176                      -42.954664
               1.1799999                      -42.865585
                   1.184                       -42.77991
                   1.188                      -42.697505
               1.1919999                      -42.618239
                   1.196                      -42.541973
               1.1999999                      -42.468552
                   1.204                      -42.397789
               1.2079999                      -42.329466
                   1.212                      -42.263326
                   1.216                      -42.199074
               1.2199999                      -42.136383
                   1.224                      -42.074891
               1.2279999                      -42.014222
                   1.232                      -41.953992
               1.2359999                      -41.893814
                    1.24                      -41.833326
                   1.244                      -41.772201
               1.2479999                      -41.710163
                   1.252                      -41.647003
               1.2559999                      -41.582589
                    1.26                      -41.516876
               1.2639999                      -41.449911
                   1.268                      -41.381832
                   1.272                      -41.312862
                   1.276                      -41.243303
                    1.28                      -41.173513
               1.2839999                      -41.103896
                   1.288                      -41.034875
               1.2919999                      -40.966868
                   1.296                      -40.900265
                     1.3                      -40.835403
                   1.304                      -40.772536
                   1.308                       -40.71183
               1.3119999                      -40.653325
                   1.316                      -40.596935
               1.3199999                      -40.542432
                   1.324                      -40.489451
               1.3279999                      -40.437489
                   1.332                       -40.38592
                   1.336                      -40.334015
               1.3399999                      -40.280972
                   1.344                      -40.225952
               1.3479999                      -40.168125
                   1.352                      -40.106712
               1.3559999                      -40.041048
                    1.36                       -39.97061
                   1.364                      -39.895079
               1.3679999                      -39.814365
                   1.372                      -39.728627
               1.3759999                      -39.638277
                    1.38                      -39.543972
               1.3839999                      -39.446589
                   1.388                      -39.347174
                   1.392                      -39.246902
               1.3959999                      -39.147011
                     1.4                      -39.048738
               1.4039999                      -38.953257
                   1.408                      -38.861613
               1.4119999                      -38.774664
                   1.416                      -38.693024
                    1.42                      -38.617015
               1.4239999                      -38.546625
                   1.428                      -38.481478
               1.4319999                        -38.4208
                   1.436                      -38.363426
               1.4399999                      -38.307797
                   1.444                         -38.252
                   1.448                      -38.193824
               1.4519999                      -38.130859
                   1.456                      -38.060618
               1.4599999                      -37.980698
                   1.464                       -37.88896
               1.4679999                      -37.783706
                   1.472                      -37.663853
                   1.476                      -37.529068
               1.4799999                      -37.379841
                   1.484                      -37.217484
               1.4879999                      -37.044082
                   1.492                      -36.862359
               1.4959999                      -36.675516
                     1.5                      -36.487043
               1.5039999                      -36.300534
                   1.508                      -36.119503
                   1.512                      -35.947238
               1.5159999                      -35.786669
                    1.52                      -35.640238
               1.5239999                      -35.509815
                   1.528                      -35.396585
               1.5319999                      -35.300937
                   1.536                       -35.22234
                    1.54                      -35.159202
               1.5439999                      -35.108708
                   1.548                      -35.066669
               1.5519999                      -35.027401
                   1.556                      -34.983706
               1.5599999                      -34.927027
                   1.564                      -34.847839
                   1.568                      -34.736394
               1.5719999                      -34.583739
                   1.576                       -34.38294
               1.5799999                      -34.130216
                   1.584                      -33.825685
               1.5879999                      -33.473501
                   1.592                      -33.081307
                   1.596                      -32.659247
               1.5999999                      -32.218767
                   1.604                      -31.771556
               1.6079999                      -31.328755
                   1.612                      -30.900495
               1.6159999                      -30.495738
                    1.62                      -30.122298
                   1.624                      -29.786984
               1.6279999                       -29.49579
                   1.632                      -29.254068
               1.6359999                      -29.066641
                    1.64                      -28.937801
               1.6439999                      -28.871101
                   1.648                      -28.868789
                   1.652                       -28.93062
               1.6559999                      -29.051559
                    1.66                      -29.217662
               1.6639999                      -29.399327
                   1.668                      -29.542128
               1.6719999                      -29.559537
                   1.676                      -29.340339
               1.6799999                      -28.785825
               1.6839999                      -27.864458
                   1.688                      -26.632054
               1.6919999                      -25.193413
                   1.696                      -23.648969
               1.6999999                      -22.068307
                   1.704                      -20.489282
               1.7079999                      -18.926069
               1.7119999                      -17.376165
                   1.716                       -15.82321
               1.7199999                      -14.233816
                   1.724                      -12.542387
               1.7279999                      -10.594408
                   1.732                      -7.8155453
               1.7359999                      -4.8057926
                    1.74                      -7.3556787
                   1.744                      -7.8500575
               1.7479999                      -7.9163653
                   1.752                      -7.8073071
               1.7559999                      -7.6113818
                    1.76                      -7.3694792
               1.7639999                      -7.1035079
                   1.768                      -6.8263528
                   1.772                      -6.5460787
               1.7759999                      -6.2679516
                    1.78                      -5.9955206
               1.7839999                      -5.7312303
                   1.788                      -5.4767802
               1.7919999                       -5.233363
                   1.796                      -5.0018047
                     1.8                      -4.7826675
               1.8039999                      -4.5763217
                   1.808                      -4.3829823
               1.8119999                      -4.2027538
                   1.816                      -4.0356451
               1.8199999                      -3.8815903
                   1.824                      -3.7404533
               1.8279999                      -3.6120478
               1.8319999                      -3.4961296
                   1.836                      -3.3924087
               1.8399999                      -3.3005475
                   1.844                      -3.2201625
               1.8479999                      -3.1508215
                   1.852                      -3.0920482
               1.8559999                      -3.0433145
               1.8599999                      -3.0040505
                   1.864                      -2.9736288
               1.8679999                      -2.9513791
                   1.872                      -2.9365839
               1.8759999                      -2.9284716
                    1.88                      -2.9262382
               1.8839999                       -2.929033
               1.8879999                      -2.9359801
                   1.892                      -2.9461808
               1.8959999                      -2.9587214
                     1.9                       -2.972695
               1.9039999                      -2.9872101
                   1.908                      -3.0014063
               1.9119999                      -3.0144756
               1.9159999                      -3.0256798
                    1.92                      -3.0343653
               1.9239999                      -3.0399806
                   1.928                      -3.0420896
               1.9319999                      -3.0403795
                   1.936                      -3.0346685
               1.9399999                      -3.0249112
               1.9439999                      -3.0111883
                   1.948                       -2.993704
               1.9519999                      -2.9727745
                   1.956                      -2.9488111
               1.9599999                       -2.922304
                   1.964                      -2.8938033
               1.9679999                      -2.8638994
                   1.972                       -2.833198
                   1.976                      -2.8023081
               1.9799999                      -2.7718256
                   1.984                      -2.7423089
               1.9879999                      -2.7142733
                   1.992                      -2.6881777
               1.9959999                      -2.6644144
                       2                      -2.6433038
               2.0039999                      -2.6250896
               2.0079999                      -2.6099373
               2.0119998                      -2.5979331
                   2.016                      -2.5890806
                    2.02                      -2.5833117
               2.0239999                      -2.5804839
               2.0279999                      -2.5803839
               2.0319998                      -2.5827427
                   2.036                      -2.5872347
                    2.04                      -2.5934949
               2.0439999                      -2.6011189
               2.0479999                      -2.6096879
                   2.052                       -2.618764
                   2.056                      -2.6279145
               2.0599999                      -2.6367243
               2.0639999                      -2.6448018
               2.0679998                      -2.6517914
                   2.072                      -2.6573902
                   2.076                      -2.6613498
               2.0799999                      -2.6634867
               2.0839999                       -2.663685
               2.0880001                      -2.6619079
                   2.092                      -2.6581754
                   2.096                      -2.6525857
               2.0999999                      -2.6452993
               2.1039999                      -2.6365257
                   2.108                      -2.6265232
                   2.112                      -2.6155898
               2.1159999                      -2.6040402
               2.1199999                      -2.5922081
               2.1239998                      -2.5804266
                   2.128                      -2.5690184
                   2.132                      -2.5582885
               2.1359999                      -2.5485101
               2.1399999                      -2.5399208
               2.1440001                      -2.5327189
                   2.148                      -2.5270533
                   2.152                      -2.5230212
               2.1559999                       -2.520667
               2.1599998                       -2.519988
                   2.164                      -2.5209218
                   2.168                      -2.5233664
               2.1719999                      -2.5271698
               2.1759999                      -2.5321464
               2.1799998                      -2.5380687
                   2.184                      -2.5446946
                   2.188                      -2.5517607
               2.1919999                       -2.558995
               2.1959999                      -2.5661253
                     2.2                      -2.5728929
                   2.204                      -2.5790526
               2.2079999                      -2.5843898
               2.2119999                       -2.588721
               2.2159998                      -2.5919023
                    2.22                      -2.5938356
                   2.224                      -2.5944684
               2.2279999                      -2.5937955
               2.2319999                      -2.5918604
               2.2359998                      -2.5887489
                    2.24                      -2.5845878
                   2.244                       -2.579541
               2.2479999                      -2.5738006
               2.2519999                      -2.5675758
                   2.256                      -2.5610946
                    2.26                      -2.5545848
               2.2639999                      -2.5482742
               2.2679999                      -2.5423771
               2.2719998                      -2.5370912
                   2.276                      -2.5325939
                    2.28                       -2.529025
               2.2839999                      -2.5264958
               2.2879999                      -2.5250806
               2.2919998                      -2.5248173
                   2.296                         -2.5257
                     2.3                      -2.5276917
               2.3039999                      -2.5307104
               2.3079998                      -2.5346516
                   2.312                      -2.5393733
                   2.316                      -2.5447149
               2.3199999                      -2.5504933
               2.3239999                      -2.5565168
               2.3279998                      -2.5625876
                   2.332                      -2.5685105
                   2.336                      -2.5740954
               2.3399999                      -2.5791692
               2.3439999                      -2.5835797
                   2.348                      -2.5872026
                   2.352                      -2.5899366
               2.3559999                      -2.5917219
               2.3599999                      -2.5925294
               2.3639998                      -2.5923639
                   2.368                      -2.5912681
                   2.372                      -2.5893141
               2.3759999                      -2.5866031
               2.3799999                      -2.5832603
               2.3839998                      -2.5794328
                   2.388                      -2.5752749
                   2.392                      -2.5709549
               2.3959999                      -2.5666376
               2.3999999                      -2.5624832
                   2.404                      -2.5586431
                   2.408                      -2.5552511
               2.4119999                      -2.5524242
               2.4159999                      -2.5502483
               2.4199998                      -2.5487917
                   2.424                       -2.548086
                   2.428                      -2.5481401
               2.4319999                      -2.5489313
               2.4359999                      -2.5504117
               2.4399998                      -2.5525028
                   2.444                      -2.5551122
                   2.448                      -2.5581255
               2.4519999                      -2.5614127
               2.4559999                       -2.564836
                    2.46                      -2.5682567
                   2.464                      -2.5715346
               2.4679999                      -2.5745386
               2.4719999                      -2.5771494
               2.4759998                      -2.5792619
                    2.48                      -2.5807928
                   2.484                      -2.5816825
               2.4879999                      -2.5818966
               2.4919999                      -2.5814264
               2.4959998                      -2.5802894
                     2.5                      -2.5785312
               2.5039999                      -2.5762179
               2.5079999                      -2.5734383
               2.5119998                      -2.5702977
                   2.516                      -2.5669141
                    2.52                      -2.5634169
               2.5239999                       -2.559934
               2.5279999                      -2.5565974
               2.5319998                      -2.5535282
                   2.536                      -2.5508412
                    2.54                      -2.5486333
               2.5439999                      -2.5469865
               2.5479999                      -2.5459623
                   2.552                      -2.5455956
                   2.556                      -2.5459053
               2.5599999                       -2.546877
               2.5639999                       -2.548484
               2.5679998                       -2.550668
                   2.572                      -2.5533562
                   2.576                      -2.5564589
               2.5799999                      -2.5598712
               2.5839999                      -2.5634786
               2.5879998                      -2.5671631
                   2.592                      -2.5708065
                   2.596                      -2.5742877
               2.5999999                      -2.5774996
               2.6039999                      -2.5803434
                   2.608                      -2.5827387
                   2.612                      -2.5846179
               2.6159999                      -2.5859384
               2.6199999                      -2.5866766
               2.6239998                      -2.5868319
                   2.628                       -2.586427
                   2.632                      -2.5854989
               2.6359999                      -2.5841135
               2.6399999                      -2.5823441
               2.6439998                      -2.5802821
                   2.648                      -2.5780215
                   2.652                      -2.5756708
               2.6559999                      -2.5733339
               2.6599998                      -2.5711126
                   2.664                      -2.5691021
                   2.668                      -2.5673891
               2.6719999                      -2.5660458
               2.6759999                      -2.5651286
               2.6799998                      -2.5646774
                   2.684                      -2.5647123
                   2.688                      -2.5652368
               2.6919999                      -2.5662318
               2.6959999                      -2.5676619
               2.6999998                      -2.5694746
                   2.704                      -2.5716073
               2.7079999                      -2.5739788
               2.7119999                      -2.5765071
               2.7159998                      -2.5790967
                    2.72                      -2.5816618
                   2.724                       -2.584108
               2.7279999                      -2.5863556
               2.7319999                      -2.5883284
               2.7359998                      -2.5899659
                    2.74                      -2.5912198
                   2.744                      -2.5920612
               2.7479999                      -2.5924765
               2.7519999                      -2.5924706
               2.7559998                      -2.5920684
                    2.76                      -2.5913112
               2.7639999                      -2.5902513
               2.7679999                      -2.5889603
               2.7719998                      -2.5875164
                   2.776                      -2.5860089
                    2.78                       -2.584526
               2.7839999                      -2.5831589
               2.7879999                      -2.5819983
               2.7919998                      -2.5811234
                   2.796                      -2.5806121
                     2.8                      -2.5805185
               2.8039999                      -2.5808955
               2.8079998                      -2.5817726
                   2.812                      -2.5831634
                   2.816                      -2.5850674
               2.8199999                      -2.5874639
               2.8239999                      -2.5903175
               2.8279998                       -2.593577
                   2.832                      -2.5971813
                   2.836                       -2.601055
               2.8399999                      -2.6051175
               2.8439999                      -2.6092832
               2.8479998                      -2.6134648
                   2.852                       -2.617575
               2.8559999                        -2.62154
               2.8599999                      -2.6252797
               2.8639998                      -2.6287371
                   2.868                      -2.6318626
                   2.872                      -2.6346216
               2.8759999                       -2.636996
               2.8799999                      -2.6389832
               2.8839998                      -2.6405947
                   2.888                      -2.6418617
                   2.892                      -2.6428256
               2.8959999                       -2.643539
               2.8999999                      -2.6440671
               2.9039998                      -2.6444781
                   2.908                      -2.6448441
               2.9119999                      -2.6452418
               2.9159999                      -2.6457416
               2.9199998                      -2.6464078
                   2.924                      -2.6473025
                   2.928                      -2.6484705
               2.9319999                       -2.649949
               2.9359999                      -2.6517593
               2.9399998                        -2.65391
                   2.944                      -2.6563943
                   2.948                      -2.6591909
               2.9519999                      -2.6622629
               2.9559999                      -2.6655665
               2.9599998                       -2.669042
                   2.964                      -2.6726268
               2.9679999                      -2.6762459
               2.9719999                      -2.6798289
               2.9759998                      -2.6833037
                    2.98                      -2.6865988
                   2.984                      -2.6896505
               2.9879999                      -2.6924068
               2.9919999                       -2.694819
               2.9959998                      -2.6968572
                       3                      -2.6985053
               3.0039999                        -2.69976
               3.0079999                      -2.7006322
               3.0119998                        -2.70115
                   3.016                      -2.7013508
                    3.02                      -2.7012896
               3.0239999                       -2.701026
               3.0279999                      -2.7006297
               3.0319998                      -2.7001756
                   3.036                      -2.6997396
                    3.04                      -2.6993945
               3.0439999                       -2.699218
               3.0479999                        -2.69927
               3.0519998                      -2.6996087
                   3.056                      -2.7002804
               3.0599999                      -2.7013226
               3.0639999                      -2.7027495
               3.0679998                      -2.7045729
                   3.072                      -2.7067824
                   3.076                      -2.7093583
               3.0799999                      -2.7122645
               3.0839999                      -2.7154579
               3.0879998                      -2.7188858
                   3.092                      -2.7224827
                   3.096                      -2.7261845
               3.0999999                      -2.7299206
               3.1039999                      -2.7336268
               3.1079998                       -2.737233
                   3.112                      -2.7406865
               3.1159999                      -2.7439341
               3.1199999                      -2.7469359
               3.1239998                      -2.7496613
                   3.128                      -2.7520928
                   3.132                      -2.7542324
               3.1359999                      -2.7560875
               3.1399999                      -2.7576781
               3.1439998                      -2.7590394
                   3.148                      -2.7602154
                   3.152                      -2.7612556
               3.1559999                        -2.76222
               3.1599998                      -2.7631661
               3.1639998                      -2.7641548
                   3.168                       -2.765245
               3.1719999                      -2.7664894
               3.1759999                      -2.7679376
               3.1799998                      -2.7696233
                   3.184                      -2.7715765
                   3.188                       -2.773813
               3.1919999                      -2.7763338
               3.1959999                      -2.7791281
               3.1999998                      -2.7821769
                   3.204                      -2.7854395
               3.2079999                      -2.7888754
               3.2119999                      -2.7924256
               3.2159998                      -2.7960307
               3.2199998                       -2.799626
                   3.224                      -2.8031409
               3.2279999                       -2.806506
               3.2319999                      -2.8096568
               3.2359998                      -2.8125367
                    3.24                      -2.8150907
                   3.244                      -2.8172792
               3.2479999                      -2.8190697
               3.2519999                      -2.8204473
               3.2559998                      -2.8214066
                    3.26                      -2.8219589
               3.2639999                      -2.8221255
               3.2679999                       -2.821942
               3.2719998                      -2.8214563
                   3.276                      -2.8207205
                    3.28                      -2.8198009
               3.2839999                      -2.8187586
               3.2879999                      -2.8176665
               3.2919998                      -2.8165895
                   3.296                      -2.8155943
                     3.3                      -2.8147391
               3.3039999                      -2.8140738
               3.3079998                      -2.8136398
               3.3119998                      -2.8134695
                   3.316                      -2.8135783
               3.3199999                      -2.8139758
               3.3239999                      -2.8146553
               3.3279998                      -2.8155975
                   3.332                      -2.8167722
                   3.336                      -2.8181428
               3.3399999                       -2.819661
               3.3439999                      -2.8212757
               3.3479998                      -2.8229302
                   3.352                      -2.8245688
               3.3559999                      -2.8261383
               3.3599999                      -2.8275832
               3.3639998                      -2.8288628
               3.3679998                      -2.8299388
                   3.372                      -2.8307864
               3.3759999                       -2.831387
               3.3799999                      -2.8317395
               3.3839998                      -2.8318529
                   3.388                      -2.8317438
                   3.392                      -2.8314448
               3.3959999                      -2.8310007
               3.3999999                      -2.8304554
               3.4039998                        -2.82987
                   3.408                      -2.8293013
               3.4119999                      -2.8288085
               3.4159999                       -2.828457
               3.4199998                      -2.8283028
               3.4239998                      -2.8283931
                   3.428                      -2.8287776
               3.4319999                      -2.8294861
               3.4359999                      -2.8305437
               3.4399998                      -2.8319611
                   3.444                      -2.8337374
                   3.448                      -2.8358556
               3.4519999                      -2.8382917
               3.4559999                       -2.841004
               3.4599998                      -2.8439501
                   3.464                       -2.847069
               3.4679999                      -2.8502993
               3.4719999                      -2.8535742
               3.4759998                       -2.856828
                    3.48                       -2.859987
                   3.484                      -2.8629944
               3.4879999                      -2.8657897
               3.4919999                      -2.8683232
               3.4959998                      -2.8705576
                     3.5                      -2.8724616
               3.5039999                      -2.8740216
               3.5079999                      -2.8752337
               3.5119998                      -2.8761104
               3.5159998                      -2.8766711
                    3.52                      -2.8769495
               3.5239999                      -2.8769892
               3.5279999                      -2.8768425
               3.5319998                      -2.8765617
                   3.536                      -2.8762091
                    3.54                      -2.8758461
               3.5439999                      -2.8755284
               3.5479999                       -2.875313
               3.5519998                       -2.875243
                   3.556                       -2.875361
               3.5599999                      -2.8756934
               3.5639999                      -2.8762592
               3.5679998                      -2.8770655
               3.5719998                      -2.8781054
                   3.576                      -2.8793609
               3.5799999                      -2.8808016
               3.5839999                      -2.8823915
               3.5879998                      -2.8840817
                   3.592                      -2.8858211
                   3.596                      -2.8875522
               3.5999999                      -2.8892166
               3.6039999                      -2.8907556
               3.6079998                       -2.892117
                   3.612                      -2.8932557
               3.6159999                      -2.8941291
               3.6199999                      -2.8947089
               3.6239998                      -2.8949808
               3.6279998                      -2.8949329
                   3.632                      -2.8945767
               3.6359999                      -2.8939355
               3.6399999                      -2.8930347
               3.6439998                      -2.8919235
                   3.648                      -2.8906545
                   3.652                      -2.8892868
               3.6559999                      -2.8878884
               3.6599998                      -2.8865289
               3.6639998                      -2.8852768
                   3.668                      -2.8841966
               3.6719999                      -2.8833557
               3.6759999                      -2.8828067
               3.6799998                      -2.8825959
               3.6839998                      -2.8827596
                   3.688                      -2.8833165
               3.6919999                      -2.8842817
               3.6959999                      -2.8856491
               3.6999998                      -2.8874015
                   3.704                      -2.8895127
               3.7079999                      -2.8919409
               3.7119999                      -2.8946393
               3.7159998                      -2.8975467
               3.7199998                       -2.900607
                   3.724                      -2.9037481
               3.7279999                      -2.9069121
               3.7319999                      -2.9100302
               3.7359998                      -2.9130477
                    3.74                      -2.9159149
                   3.744                      -2.9185911
               3.7479999                      -2.9210444
               3.7519999                      -2.9232584
               3.7559998                      -2.9252272
                    3.76                      -2.9269606
               3.7639999                       -2.928477
               3.7679999                      -2.9298081
               3.7719998                      -2.9309973
               3.7759998                      -2.9320917
                    3.78                      -2.9331488
               3.7839999                      -2.9342273
               3.7879999                      -2.9353864
               3.7919998                      -2.9366851
                   3.796                      -2.9381763
                     3.8                      -2.9399065
               3.8039999                      -2.9419115
               3.8079998                      -2.9442197
               3.8119998                       -2.946842
                   3.816                       -2.949783
               3.8199999                      -2.9530277
               3.8239999                      -2.9565497
               3.8279998                      -2.9603112
               3.8319998                      -2.9642635
                   3.836                      -2.9683451
               3.8399999                      -2.9724907
               3.8439999                      -2.9766245
               3.8479998                      -2.9806779
                   3.852                      -2.9845736
               3.8559999                      -2.9882403
               3.8599999                      -2.9916187
               3.8639998                       -2.994649
               3.8679998                      -2.9972869
                   3.872                      -2.9995042
               3.8759999                      -3.0012831
               3.8799999                      -3.0026172
               3.8839998                      -3.0035233
               3.8879998                      -3.0040246
                   3.892                      -3.0041646
               3.8959999                      -3.0039914
               3.8999999                      -3.0035716
               3.9039998                      -3.0029726
                   3.908                      -3.0022672
               3.9119999                      -3.0015306
               3.9159999                      -3.0008349
               3.9199998                      -3.0002539
               3.9239998                      -2.9998468
                   3.928                      -2.9996684
               3.9319999                      -2.9997587
               3.9359999                      -3.0001481
               3.9399998                      -3.0008508
                   3.944                      -3.0018691
                   3.948                       -3.003184
               3.9519999                      -3.0047763
               3.9559999                      -3.0065986
               3.9599998                      -3.0086049
                   3.964                      -3.0107373
               3.9679999                      -3.0129294
               3.9719999                      -3.0151166
               3.9759998                      -3.0172338
               3.9799998                      -3.0192144
                   3.984                      -3.0210055
               3.9879999                      -3.0225542
               3.9919999                      -3.0238256
               3.9959998                      -3.0247944
                       4                       -3.025452
               4.0039997                      -3.0258012
               4.0079999                      -3.0258675
               4.0120001                      -3.0256789
               4.0159998                      -3.0252847
                    4.02                      -3.0247482
               4.0239997                      -3.0241337
               4.0279999                      -3.0235195
               4.0320001                      -3.0229827
               4.0359998                      -3.0226029
                    4.04                      -3.0224583
               4.0439997                      -3.0226171
               4.0479999                       -3.023145
                   4.052                      -3.0240909
               4.0559998                      -3.0254927
               4.0599999                      -3.0273718
               4.0639997                      -3.0297366
               4.0679998                      -3.0325738
                   4.072                      -3.0358577
               4.0759997                      -3.0395445
               4.0799999                      -3.0435774
               4.0840001                      -3.0478877
               4.0879998                      -3.0523937
                   4.092                      -3.0570124
               4.0959997                      -3.0616522
               4.0999999                      -3.0662224
               4.1040001                      -3.0706389
               4.1079998                       -3.074815
                   4.112                      -3.0786859
               4.1159997                      -3.0821914
               4.1199999                      -3.0852836
               4.1240001                      -3.0879418
               4.1279998                      -3.0901485
                   4.132                      -3.0919173
               4.1359997                      -3.0932671
               4.1399999                      -3.0942396
               4.1440001                      -3.0948852
               4.1479998                      -3.0952756
                   4.152                      -3.0954813
               4.1559997                      -3.0955797
               4.1599998                      -3.0956506
                   4.164                      -3.0957776
               4.1679997                      -3.0960293
               4.1719999                      -3.0964742
               4.1760001                      -3.0971635
               4.1799998                      -3.0981364
                   4.184                      -3.0994185
               4.1879997                       -3.101015
               4.1919999                      -3.1029138
               4.1960001                      -3.1050898
               4.1999998                      -3.1074942
                   4.204                      -3.1100718
               4.2079997                      -3.1127488
               4.2119999                      -3.1154434
               4.2160001                      -3.1180677
               4.2199998                      -3.1205336
                   4.224                      -3.1227485
               4.2279997                      -3.1246308
               4.2319999                      -3.1261032
               4.2360001                      -3.1271048
               4.2399998                      -3.1275865
                   4.244                      -3.1275181
               4.2479997                        -3.12689
               4.2519999                      -3.1257068
                   4.256                      -3.1239998
               4.2599998                      -3.1218182
               4.2639999                      -3.1192295
               4.2679996                       -3.116312
               4.2719998                       -3.113164
                   4.276                      -3.1098856
               4.2799997                      -3.1065851
               4.2839999                      -3.1033725
               4.2880001                      -3.1003561
               4.2919998                      -3.0976308
                   4.296                      -3.0952852
               4.3000002                       -3.093394
               4.3039999                      -3.0920139
               4.3079996                      -3.0911827
               4.3119998                      -3.0909156
                   4.316                      -3.0912133
               4.3199997                      -3.0920447
               4.3239994                      -3.0933725
               4.3280001                      -3.0951324
               4.3320003                      -3.0972452
                   4.336                      -3.0996239
               4.3399997                      -3.1021714
               4.3439999                      -3.1047849
                   4.348                      -3.1073626
               4.3519998                      -3.1098105
               4.3559995                      -3.1120382
               4.3599997                      -3.1139676
               4.3640003                      -3.1155412
                   4.368                       -3.116717
               4.3719997                      -3.1174735
               4.3759999                      -3.1178119
               4.3800001                      -3.1177525
               4.3839998                      -3.1173412
               4.3879995                      -3.1166391
               4.3919997                      -3.1157256
               4.3959999                      -3.1146919
               4.4000001                      -3.1136424
               4.4039998                      -3.1126815
                   4.408                      -3.1119163
               4.4120002                      -3.1114537
               4.4159999                       -3.111385
               4.4199996                      -3.1117921
               4.4239998                      -3.1127424
                   4.428                      -3.1142783
               4.4319997                      -3.1164251
               4.4359994                      -3.1191836
               4.4400001                      -3.1225283
               4.4440002                      -3.1264105
                   4.448                      -3.1307634
               4.4519997                      -3.1354942
               4.4559999                      -3.1404983
                    4.46                      -3.1456486
               4.4639997                       -3.150825
               4.4679995                      -3.1558874
               4.4719996                      -3.1607049
               4.4760003                      -3.1651529
                    4.48                       -3.169116
               4.4839997                       -3.172501
               4.4879999                      -3.1752268
               4.4920001                      -3.1772418
               4.4959998                      -3.1785165
               4.4999995                      -3.1790518
               4.5039997                      -3.1788765
               4.5079999                      -3.1780434
               4.5120001                      -3.1766315
               4.5159998                      -3.1747397
                    4.52                      -3.1724854
               4.5240002                      -3.1699945
               4.5279999                      -3.1674033
               4.5319996                      -3.1648487
               4.5359998                      -3.1624656
                    4.54                      -3.1603688
               4.5439997                      -3.1586716
               4.5479994                       -3.157463
                   4.552                      -3.1568015
               4.5560002                      -3.1567327
               4.5599999                      -3.1572677
               4.5639997                      -3.1583882
               4.5679998                       -3.160051
                   4.572                      -3.1621892
               4.5759997                      -3.1647077
               4.5799994                      -3.1674961
               4.5839996                      -3.1704263
               4.5880003                      -3.1733643
                   4.592                      -3.1761664
               4.5959997                      -3.1786967
               4.5999999                      -3.1808244
               4.6040001                      -3.1824394
               4.6079998                      -3.1834413
               4.6119995                      -3.1837616
               4.6159997                       -3.183358
               4.6200004                      -3.1822173
               4.6240001                      -3.1803605
               4.6279998                      -3.1778419
                   4.632                      -3.1747405
               4.6360002                      -3.1711668
               4.6399999                      -3.1672531
               4.6439996                      -3.1631528
               4.6479998                      -3.1590248
                   4.652                      -3.1550424
               4.6559997                       -3.151373
               4.6599998                      -3.1481772
                   4.664                      -3.1456039
               4.6680002                      -3.1437779
               4.6719999                      -3.1428089
               4.6759996                      -3.1427649
               4.6799998                      -3.1436898
                   4.684                      -3.1455946
               4.6879997                      -3.1484472
               4.6919994                      -3.1521924
               4.6960001                      -3.1567338
               4.7000003                      -3.1619488
                   4.704                      -3.1676946
               4.7079997                      -3.1738022
               4.7119999                      -3.1800963
               4.7160001                      -3.1863919
               4.7199998                      -3.1925092
               4.7239995                      -3.1982716
               4.7279997                      -3.2035287
               4.7320004                      -3.2081446
               4.7360001                      -3.2120161
               4.7399998                      -3.2150742
                   4.744                      -3.2172847
               4.7480001                      -3.2186547
               4.7519999                      -3.2192279
               4.7559996                      -3.2190859
               4.7599998                      -3.2183442
               4.7639999                      -3.2171455
               4.7679996                      -3.2156569
               4.7719998                      -3.2140593
                   4.776                      -3.2125391
               4.7800002                      -3.2112912
               4.7839999                      -3.2104901
               4.7879996                      -3.2103007
               4.7919998                      -3.2108594
                   4.796                      -3.2122787
               4.7999997                      -3.2146322
               4.8039994                      -3.2179526
               4.8080001                      -3.2222361
               4.8120003                      -3.2274319
                   4.816                      -3.2334476
               4.8199997                      -3.2401593
               4.8239999                      -3.2474015
               4.8280001                      -3.2549796
               4.8319998                      -3.2626808
               4.8359995                      -3.2702778
               4.8399997                      -3.2775377
               4.8440003                      -3.2842303
                   4.848                      -3.2901456
               4.8519998                      -3.2950911
               4.8559999                      -3.2989123
               4.8600001                      -3.3014874
               4.8639998                      -3.3027442
               4.8679996                      -3.3026618
               4.8719997                      -3.3012658
               4.8759999                      -3.2986395
               4.8799996                      -3.2949014
               4.8839998                      -3.2902252
                   4.888                      -3.2848163
               4.8920002                      -3.2789082
               4.8959999                      -3.2727498
               4.8999996                      -3.2666046
               4.9039998                      -3.2607276
                   4.908                       -3.255366
               4.9119997                      -3.2507431
               4.9159994                      -3.2470488
               4.9200001                      -3.2444377
               4.9240003                       -3.243012
                   4.928                      -3.2428394
               4.9319997                      -3.2439139
               4.9359999                       -3.246197
               4.9400001                      -3.2495859
               4.9439998                      -3.2539369
               4.9479995                       -3.259056
               4.9519997                      -3.2647231
               4.9560003                      -3.2706865
                    4.96                      -3.2766795
               4.9639997                       -3.282425
               4.9679999                      -3.2876615
               4.9720001                      -3.2921405
               4.9759998                      -3.2956431
               4.9799995                      -3.2979935
               4.9839997                      -3.2990631
               4.9879999                       -3.298778
               4.9919996                      -3.2971314
               4.9959998                      -3.2941694
                       5                      -3.2900071

